0.00000000  -.3037453E-19 -.319285E-23 0.64757740  0.15556111E+01  0.48826480E-04  0.12967650E-07 0.20697460E-04  -.17708712E-06  -.28498198E-06 -.20150757E-09
0.00230026   0.03374342   0.00000193   0.64783180  0.15550013E+01  0.24971100E-03  0.11866946E-06 0.88776570E-04  -.17156730E-05   -.13344999E-05 -.22867497E-09
0.00397046   0.06414330   0.00006581   0.60393202  0.16816400E+01  0.82991499E-03  0.54710899E-05 0.33151099E-03  -.18111999E-04  0.50226803E-03 0.11830300E-02 
0.01203534   0.19134600   0.00016403   0.61210102  0.16593500E+01  0.64556599E-02  0.36033300E-04 0.13398200E-02  -.19121201E-03  0.59044303E-03 0.14651500E-02 
0.02035196   0.30759099   0.00036243   0.62734699  0.16198699E+01  0.13806300E-01  0.12331401E-03 0.22125100E-02  -.61862997E-03  0.96443098E-03 0.31561400E-02 
0.02892752   0.40155399   0.00065049   0.64622700  0.15737700E+01  0.18259600E-01  0.26726900E-03 0.28164100E-02  -.10962200E-02  0.16153600E-02 0.58309902E-02 
0.03776976   0.47206101   0.00093539   0.66507298  0.15300300E+01  0.19180899E-01  0.46662099E-03 0.32474899E-02  -.14916100E-02  0.23232501E-02 0.81930105E-02 
0.04688684   0.52418703   0.00116870   0.68199402  0.14921600E+01  0.18219899E-01  0.69196598E-03 0.35221500E-02  -.17430700E-02  0.29045399E-02 0.97308196E-02 
0.05628634   0.56364000   0.00134077   0.69666702  0.14603000E+01  0.16659100E-01  0.93380501E-03 0.36814001E-02  -.19187900E-02  0.33389500E-02 0.10548200E-01 
0.06597658   0.59425098   0.00146325   0.70924801  0.14335099E+01  0.15027800E-01  0.11680700E-02 0.37469801E-02  -.20280201E-02  0.36380601E-02 0.10908500E-01 
0.07596642   0.61893100   0.00156192   0.72024399  0.14106500E+01  0.13552100E-01  0.13915100E-02 0.37654000E-02  -.21055201E-02  0.38677400E-02 0.11008300E-01 
0.08626399   0.63956499   0.00164037   0.72998703  0.13907900E+01  0.12249300E-01  0.15863000E-02 0.37642999E-02  -.21526299E-02  0.40425598E-02 0.10968600E-01 
0.09687834   0.65727103   0.00170050   0.73889601  0.13731400E+01  0.11135200E-01  0.17577900E-02 0.37435601E-02  -.21883999E-02  0.41866698E-02 0.10831200E-01 
0.10781886   0.67274803   0.00174954   0.74712199  0.13572000E+01  0.10206400E-01  0.18980900E-02 0.37161701E-02  -.21994500E-02  0.43002302E-02 0.10656200E-01 
0.11909443   0.68657798   0.00179885   0.75493801  0.13425900E+01  0.94216699E-02  0.20140200E-02 0.36859100E-02  -.22019700E-02  0.44213799E-02 0.10498200E-01 
0.13071480   0.69924301   0.00187055   0.76243800  0.13289300E+01  0.87607503E-02  0.20975501E-02 0.36410000E-02  -.21869801E-02  0.45542698E-02 0.10381600E-01 
0.14268973   0.71096301   0.00193338   0.76983100  0.13159900E+01  0.82184402E-02  0.21564600E-02 0.35846899E-02  -.21642901E-02  0.47200699E-02 0.10318500E-01 
0.15502900   0.72195899   0.00201560   0.77697402  0.13037500E+01  0.77651199E-02  0.21925899E-02 0.35464501E-02  -.21305501E-02  0.48908498E-02 0.10283000E-01 
0.16774307   0.73247701   0.00203404   0.78391999  0.12921900E+01  0.73720100E-02  0.22130799E-02 0.35112400E-02  -.20912399E-02  0.50475700E-02 0.10241500E-01 
0.18084264   0.74254298   0.00206694   0.79066497  0.12811600E+01  0.70134201E-02  0.22147200E-02 0.34499301E-02  -.20426200E-02  0.51751700E-02 0.10183600E-01 
0.19433635   0.75225800   0.00203170   0.79724300  0.12706800E+01  0.66813999E-02  0.22037500E-02 0.33686201E-02  -.19902501E-02  0.52854298E-02 0.10117300E-01 
0.20823871   0.76166499   0.00202798   0.80367303  0.12605400E+01  0.63578701E-02  0.21826599E-02 0.32935999E-02  -.19366200E-02  0.53774598E-02 0.10013700E-01 
0.22255871   0.77095199   0.00203220   0.81018102  0.12505800E+01  0.60475399E-02  0.21535400E-02 0.32240900E-02  -.18883400E-02  0.54704901E-02 0.98965103E-02 
0.23730725   0.78012300   0.00209715   0.81671798  0.12408201E+01  0.57657999E-02  0.21190301E-02 0.31248699E-02  -.18464600E-02  0.55723800E-02 0.97989496E-02 
0.25249514   0.78908598   0.00218146   0.82329100  0.12312700E+01  0.55246600E-02  0.20818501E-02 0.30060899E-02  -.18004600E-02  0.57179700E-02 0.97440304E-02 
0.26813686   0.79783899   0.00231171   0.82971400  0.12219900E+01  0.52960501E-02  0.20368600E-02 0.28944400E-02  -.17412200E-02  0.58899801E-02 0.97182598E-02 
0.28424507   0.80666000   0.00242066   0.83609903  0.12130500E+01  0.50818101E-02  0.19788200E-02 0.27997999E-02  -.16786701E-02  0.60760099E-02 0.97158803E-02 
0.30082700   0.81555098   0.00253178   0.84230101  0.12043999E+01  0.48634899E-02  0.19168000E-02 0.26936401E-02  -.16198100E-02  0.62372098E-02 0.97113997E-02 
0.31790072   0.82441700   0.00263272   0.84833199  0.11962100E+01  0.46348702E-02  0.18553700E-02 0.25808101E-02  -.15634100E-02  0.63517499E-02 0.96801100E-02 
0.33547530   0.83307999   0.00271175   0.85421401  0.11882700E+01  0.43738000E-02  0.17889200E-02 0.24739599E-02  -.14875000E-02  0.64492798E-02 0.96494900E-02 
0.35356516   0.84149498   0.00271296   0.86002302  0.11805900E+01  0.40916898E-02  0.17211400E-02 0.23731301E-02  -.14073700E-02  0.65145399E-02 0.95381103E-02 
0.37218300   0.84974802   0.00276563   0.86581898  0.11730800E+01  0.38615100E-02  0.16545000E-02 0.22719700E-02  -.13354101E-02  0.66091800E-02 0.94689596E-02 
0.39134327   0.85785300   0.00285238   0.87174499  0.11657100E+01  0.36577401E-02  0.15925100E-02 0.21922700E-02  -.12706000E-02  0.67823902E-02 0.94790701E-02 
0.41105857   0.86611497   0.00291716   0.87755400  0.11583600E+01  0.34681601E-02  0.15345500E-02 0.20992199E-02  -.12111800E-02  0.69523202E-02 0.95372600E-02 
0.43134344   0.87427098   0.00293979   0.88347203  0.11509399E+01  0.32495901E-02  0.14847900E-02 0.19950899E-02  -.11482600E-02  0.71148602E-02 0.95730098E-02 
0.45221055   0.88225198   0.00305663   0.88937002  0.11435699E+01  0.30334899E-02  0.14342600E-02 0.18852800E-02  -.10822500E-02  0.72998898E-02 0.96188104E-02 
0.47367612   0.88994402   0.00319351   0.89509302  0.11365100E+01  0.28472999E-02  0.13853200E-02 0.17837700E-02  -.10198400E-02  0.75405198E-02 0.96805701E-02 
0.49575278   0.89736801   0.00333977   0.90048897  0.11299500E+01  0.26774199E-02  0.13334600E-02 0.16957500E-02  -.95887401E-03  0.77827801E-02 0.97833397E-02 
0.51845688   0.90452701   0.00351535   0.90582901  0.11238000E+01  0.25237601E-02  0.12787899E-02 0.16095800E-02  -.90321602E-03  0.79723196E-02 0.98591298E-02 
0.54180104   0.91166598   0.00367346   0.91137898  0.11174300E+01  0.23724600E-02  0.12172000E-02 0.15222500E-02  -.85140701E-03  0.81128199E-02 0.98419897E-02 
0.56580156   0.91889399   0.00384582   0.91739202  0.11106200E+01  0.22174099E-02  0.11606200E-02 0.14353500E-02  -.80579898E-03  0.82404502E-02 0.98260399E-02 
0.59047282   0.92594999   0.00401797   0.92338300  0.11038600E+01  0.20796901E-02  0.10937500E-02 0.13527200E-02  -.75909699E-03  0.83635803E-02 0.98013198E-02 
0.61583114   0.93288398   0.00411686   0.92935598  0.10972400E+01  0.19365300E-02  0.10322900E-02 0.12699100E-02  -.70515502E-03  0.84364004E-02 0.97281104E-02 
0.64189112   0.93951398   0.00419731   0.93519902  0.10907000E+01  0.17883000E-02  0.97149500E-03 0.11739900E-02  -.64669998E-03  0.84411604E-02 0.96064899E-02 
0.66866696   0.94590098   0.00416536   0.94090998  0.10840501E+01  0.16441600E-02  0.90555701E-03 0.10742100E-02  -.59051602E-03  0.84395204E-02 0.95272604E-02 
0.69617695   0.95191401   0.00416508   0.94631302  0.10777500E+01  0.15046900E-02  0.84095798E-03 0.97118301E-03  -.53311698E-03  0.82836105E-02 0.92880102E-02 
0.72443551   0.95758700   0.00427964   0.95166200  0.10715801E+01  0.13608700E-02  0.77316997E-03 0.87676401E-03  -.47444701E-03  0.79992004E-02 0.89285299E-02 
0.75345701   0.96268499   0.00430610   0.95687598  0.10656101E+01  0.12139700E-02  0.70955697E-03 0.79342601E-03  -.41577200E-03  0.76632500E-02 0.85274000E-02 
0.78325963   0.96727902   0.00437201   0.96201801  0.10600700E+01  0.10836700E-02  0.64254599E-03 0.71302103E-03  -.36103401E-03  0.72981399E-02 0.80743805E-02 
0.81385607   0.97155499   0.00448752   0.96722001  0.10547000E+01  0.96112501E-03  0.58652897E-03 0.63968397E-03  -.31572400E-03  0.69379802E-02 0.76306202E-02 
0.84526426   0.97568500   0.00454832   0.97214502  0.10494200E+01  0.84211101E-03  0.52610302E-03 0.57032902E-03  -.26812099E-03  0.64822901E-02 0.70613502E-02 
0.87750053   0.97941399   0.00461635   0.97663498  0.10441999E+01  0.73897198E-03  0.47167999E-03 0.49735402E-03  -.22638599E-03  0.58867601E-02 0.64049000E-02 
0.91057944   0.98281699   0.00460552   0.98127598  0.10387200E+01  0.64113498E-03  0.41664700E-03 0.41914399E-03  -.18785300E-03  0.52451799E-02 0.56693400E-02 
0.94451708   0.98586202   0.00461934   0.98541701  0.10335200E+01  0.54168998E-03  0.36114699E-03 0.34428600E-03  -.15025900E-03  0.45362199E-02 0.48141899E-02 
0.97932816   0.98856997   0.00456119   0.98942101  0.10285300E+01  0.43447100E-03  0.30474400E-03 0.27785101E-03  -.11332800E-03  0.36669101E-02 0.38150100E-02 
1.01502870   0.99102902   0.00461808   0.99342400  0.10235500E+01  0.33067199E-03  0.25257701E-03 0.21799900E-03  -.79431200E-04  0.27242801E-02 0.27417899E-02 
1.18750000   0.99862420   0.00318833   1.00429980  0.10016663E+01  0.92830590E-05  0.25588351E-05 0.60170680E-05  -.98170270E-06 0.41313037E-07 0.55823453E-07
1.75000000   1.00002610   0.00120522   1.00024150  0.10001029E+01  0.94503700E-05  0.24158255e-05 0.63273274E-05  -.92291920E-06 0.65000610E-07 0.17222243E-07